SKU Number,Warehouse Quantity
POE-CONVERTER-48-24GBIT,44
POE-DLB-24G,94
POE-DC-12-24-AT,52
POE-NFT-48G,87
POE-SPLITTER,0
DLB-5-15AC,100
DLB-MACH-5AC,100
DLB-5-90AC,31
DLB-5-20AC,100
DLB-5AC,83
LW-PTP-5-23-RF,59
POE-MPPTP,19
MB-DLB-WALLMOUNT,85
LW-PTP-6-N-RF,0
LW-PTP-5-N-RF,80
DLB-NFT-3AC-LT,50
DLB-NFT-2AC-O,11
DLB-NFT-2AC,100
DLB-5-90-20AC-PRO,1
LV-5-15AC,0
